   8.4807753e-01  -7.6351822e-01   0.0000000e+00
   8.1686267e-01  -7.8516753e-01   0.0000000e+00
   7.3193054e-01  -8.5000080e-01   0.0000000e+00
   6.0747451e-01  -9.5155520e-01   0.0000000e+00
   4.4921410e-01  -1.0756217e+00   0.0000000e+00
   2.5259185e-01  -1.2113264e+00   0.0000000e+00
   1.1959864e-02  -1.3577360e+00   0.0000000e+00
  -2.7091538e-01  -1.5173822e+00   0.0000000e+00
  -5.9089553e-01  -1.6894604e+00   0.0000000e+00
  -9.4310268e-01  -1.8716890e+00   0.0000000e+00
  -1.3222707e+00  -2.0611086e+00   0.0000000e+00
  -1.7231393e+00  -2.2541514e+00   0.0000000e+00
  -2.1405638e+00  -2.4471688e+00   0.0000000e+00
  -2.5694865e+00  -2.6360195e+00   0.0000000e+00
  -3.0049192e+00  -2.8161684e+00   0.0000000e+00
  -3.4423486e+00  -2.9832658e+00   0.0000000e+00
  -3.8777826e+00  -3.1317337e+00   0.0000000e+00
  -4.3103980e+00  -3.2564514e+00   0.0000000e+00
  -4.7402236e+00  -3.3561037e+00   0.0000000e+00
  -5.1652376e+00  -3.4306390e+00   0.0000000e+00
  -5.5831172e+00  -3.4805615e+00   0.0000000e+00
  -5.9909950e+00  -3.5065840e+00   0.0000000e+00
  -6.3862123e+00  -3.5099641e+00   0.0000000e+00
  -6.7650677e+00  -3.4926893e+00   0.0000000e+00
  -7.1238309e+00  -3.4563355e+00   0.0000000e+00
  -7.4588061e+00  -3.4022822e+00   0.0000000e+00
  -7.7667556e+00  -3.3321922e+00   0.0000000e+00
  -8.0450321e+00  -3.2478328e+00   0.0000000e+00
  -8.2909191e+00  -3.1513651e+00   0.0000000e+00
  -8.5024880e+00  -3.0450891e+00   0.0000000e+00
  -8.6780185e+00  -2.9318493e+00   0.0000000e+00
  -8.8163469e+00  -2.8147914e+00   0.0000000e+00
  -8.9162862e+00  -2.6977678e+00   0.0000000e+00
  -8.9777442e+00  -2.5853317e+00   0.0000000e+00
  -8.9982749e+00  -2.5086316e+00   0.0000000e+00
  -9.0000842e+00  -2.4805187e+00   0.0000000e+00
  -8.9992939e+00  -2.4631171e+00   0.0000000e+00
  -8.9966849e+00  -2.4468164e+00   0.0000000e+00
  -8.9947838e+00  -2.4391701e+00   0.0000000e+00
  -8.9922861e+00  -2.4320278e+00   0.0000000e+00
  -8.9891106e+00  -2.4252738e+00   0.0000000e+00
  -8.9850258e+00  -2.4190703e+00   0.0000000e+00
  -8.9800199e+00  -2.4129074e+00   0.0000000e+00
  -8.9743073e+00  -2.4067214e+00   0.0000000e+00
  -8.9605940e+00  -2.3946568e+00   0.0000000e+00
  -8.9443956e+00  -2.3828648e+00   0.0000000e+00
  -8.9155564e+00  -2.3655946e+00   0.0000000e+00
  -8.8875576e+00  -2.3516204e+00   0.0000000e+00
  -8.7409804e+00  -2.3035370e+00   0.0000000e+00
  -8.5385503e+00  -2.2681477e+00   0.0000000e+00
  -8.2796072e+00  -2.2474686e+00   0.0000000e+00
  -7.9620601e+00  -2.2418416e+00   0.0000000e+00
  -7.5833888e+00  -2.2500101e+00   0.0000000e+00
  -7.1397402e+00  -2.2656083e+00   0.0000000e+00
  -6.6339685e+00  -2.2770559e+00   0.0000000e+00
  -6.0750051e+00  -2.2751642e+00   0.0000000e+00
  -5.4730964e+00  -2.2524995e+00   0.0000000e+00
  -4.8436968e+00  -2.2020388e+00   0.0000000e+00
  -4.2056911e+00  -2.1243703e+00   0.0000000e+00
  -3.5722994e+00  -2.0262930e+00   0.0000000e+00
  -2.9522580e+00  -1.9123936e+00   0.0000000e+00
  -2.3541581e+00  -1.7852023e+00   0.0000000e+00
  -1.7882011e+00  -1.6473303e+00   0.0000000e+00
  -1.2642184e+00  -1.5040651e+00   0.0000000e+00
  -7.8928380e-01  -1.3619343e+00   0.0000000e+00
  -3.6816564e-01  -1.2261450e+00   0.0000000e+00
  -5.0469543e-03  -1.1011918e+00   0.0000000e+00
   2.9715209e-01  -9.9124510e-01   0.0000000e+00
   5.3609079e-01  -8.9915478e-01   0.0000000e+00
   7.0899978e-01  -8.2764302e-01   0.0000000e+00
   8.1338183e-01  -7.8039953e-01   0.0000000e+00
   8.4807753e-01  -7.6351822e-01   0.0000000e+00
