   4.9149123e+00   3.4414586e+00   0.0000000e+00
   4.9034277e+00   3.4217709e+00   0.0000000e+00
   4.8736828e+00   3.3649792e+00   0.0000000e+00
   4.8317567e+00   3.2781971e+00   0.0000000e+00
   4.7771568e+00   3.1706014e+00   0.0000000e+00
   4.7046474e+00   3.0469495e+00   0.0000000e+00
   4.6109207e+00   2.9063169e+00   0.0000000e+00
   4.4975791e+00   2.7477748e+00   0.0000000e+00
   4.3672128e+00   2.5730637e+00   0.0000000e+00
   4.2218958e+00   2.3846610e+00   0.0000000e+00
   4.0637414e+00   2.1855116e+00   0.0000000e+00
   3.8947053e+00   1.9788892e+00   0.0000000e+00
   3.7166598e+00   1.7680826e+00   0.0000000e+00
   3.5313053e+00   1.5566261e+00   0.0000000e+00
   3.3402042e+00   1.3482508e+00   0.0000000e+00
   3.1447079e+00   1.1464664e+00   0.0000000e+00
   2.9455726e+00   9.5531845e-01   0.0000000e+00
   2.7419478e+00   7.7780021e-01   0.0000000e+00
   2.5334842e+00   6.1461950e-01   0.0000000e+00
   2.3212680e+00   4.6631716e-01   0.0000000e+00
   2.1066904e+00   3.3320796e-01   0.0000000e+00
   1.8914913e+00   2.1563132e-01   0.0000000e+00
   1.6774353e+00   1.1357764e-01   0.0000000e+00
   1.4670391e+00   2.6904727e-02   0.0000000e+00
   1.2627309e+00  -4.4298598e-02   0.0000000e+00
   1.0668702e+00  -9.9845224e-02   0.0000000e+00
   8.8163919e-01  -1.3981841e-01   0.0000000e+00
   7.0892560e-01  -1.6450790e-01   0.0000000e+00
   5.5075459e-01  -1.7440003e-01   0.0000000e+00
   4.0875818e-01  -1.7025647e-01   0.0000000e+00
   2.8459301e-01  -1.5318787e-01   0.0000000e+00
   1.7968966e-01  -1.2460964e-01   0.0000000e+00
   9.5670457e-02  -8.6315698e-02   0.0000000e+00
   3.3740009e-02  -4.0758643e-02   0.0000000e+00
   3.1267818e-03  -4.2562936e-03   0.0000000e+00
  -4.9856795e-03   1.0572313e-02   0.0000000e+00
  -8.9684925e-03   2.0235418e-02   0.0000000e+00
  -1.1683115e-02   2.9761069e-02   0.0000000e+00
  -1.2588194e-02   3.4401072e-02   0.0000000e+00
  -1.3041039e-02   3.8918254e-02   0.0000000e+00
  -1.3026916e-02   4.3396178e-02   0.0000000e+00
  -1.2378699e-02   4.7805374e-02   0.0000000e+00
  -1.1219310e-02   5.2426004e-02   0.0000000e+00
  -9.6814624e-03   5.7238386e-02   0.0000000e+00
  -5.2835850e-03   6.7276229e-02   0.0000000e+00
   5.3477352e-04   7.7795977e-02   0.0000000e+00
   1.1837848e-02   9.4500052e-02   0.0000000e+00
   2.3519686e-02   1.0919870e-01   0.0000000e+00
   9.1033602e-02   1.7251343e-01   0.0000000e+00
   1.9213829e-01   2.4308796e-01   0.0000000e+00
   3.2770391e-01   3.1999339e-01   0.0000000e+00
   4.9895434e-01   4.0357399e-01   0.0000000e+00
   7.0694130e-01   4.9515212e-01   0.0000000e+00
   9.5214587e-01   5.9916646e-01   0.0000000e+00
   1.2300795e+00   7.2119045e-01   0.0000000e+00
   1.5335556e+00   8.6395602e-01   0.0000000e+00
   1.8551172e+00   1.0289073e+00   0.0000000e+00
   2.1845797e+00   1.2159445e+00   0.0000000e+00
   2.5118229e+00   1.4199592e+00   0.0000000e+00
   2.8313821e+00   1.6339018e+00   0.0000000e+00
   3.1396695e+00   1.8530631e+00   0.0000000e+00
   3.4326550e+00   2.0738886e+00   0.0000000e+00
   3.7054534e+00   2.2923715e+00   0.0000000e+00
   3.9540593e+00   2.5031437e+00   0.0000000e+00
   4.1762812e+00   2.7008618e+00   0.0000000e+00
   4.3708466e+00   2.8814853e+00   0.0000000e+00
   4.5366204e+00   3.0415093e+00   0.0000000e+00
   4.6730724e+00   3.1779255e+00   0.0000000e+00
   4.7796521e+00   3.2885908e+00   0.0000000e+00
   4.8555441e+00   3.3713225e+00   0.0000000e+00
   4.9003259e+00   3.4234810e+00   0.0000000e+00
   4.9149123e+00   3.4414586e+00   0.0000000e+00
