   6.2283628e+00   6.0981333e+00   0.0000000e+00
   6.2253640e+00   6.0871387e+00   0.0000000e+00
   6.2183477e+00   6.0558611e+00   0.0000000e+00
   6.2093294e+00   6.0085229e+00   0.0000000e+00
   6.1968836e+00   5.9494925e+00   0.0000000e+00
   6.1778660e+00   5.8803898e+00   0.0000000e+00
   6.1507986e+00   5.8003403e+00   0.0000000e+00
   6.1165757e+00   5.7091029e+00   0.0000000e+00
   6.0762229e+00   5.6078533e+00   0.0000000e+00
   6.0304213e+00   5.4980564e+00   0.0000000e+00
   5.9798104e+00   5.3814079e+00   0.0000000e+00
   5.9249111e+00   5.2597421e+00   0.0000000e+00
   5.8662021e+00   5.1348895e+00   0.0000000e+00
   5.8040472e+00   5.0087772e+00   0.0000000e+00
   5.7387183e+00   4.8834094e+00   0.0000000e+00
   5.6704136e+00   4.7606559e+00   0.0000000e+00
   5.5989750e+00   4.6425685e+00   0.0000000e+00
   5.5236043e+00   4.5304828e+00   0.0000000e+00
   5.4440413e+00   4.4246954e+00   0.0000000e+00
   5.3607405e+00   4.3256081e+00   0.0000000e+00
   5.2743331e+00   4.2335529e+00   0.0000000e+00
   5.1856154e+00   4.1489189e+00   0.0000000e+00
   5.0954410e+00   4.0719299e+00   0.0000000e+00
   5.0050438e+00   4.0028428e+00   0.0000000e+00
   4.9155849e+00   3.9420148e+00   0.0000000e+00
   4.8281796e+00   3.8898416e+00   0.0000000e+00
   4.7438929e+00   3.8465654e+00   0.0000000e+00
   4.6636737e+00   3.8122905e+00   0.0000000e+00
   4.5885631e+00   3.7870441e+00   0.0000000e+00
   4.5194479e+00   3.7706696e+00   0.0000000e+00
   4.4572718e+00   3.7628450e+00   0.0000000e+00
   4.4029091e+00   3.7630717e+00   0.0000000e+00
   4.3573754e+00   3.7706934e+00   0.0000000e+00
   4.3215697e+00   3.7846814e+00   0.0000000e+00
   4.3020609e+00   3.7983490e+00   0.0000000e+00
   4.2962239e+00   3.8044608e+00   0.0000000e+00
   4.2930499e+00   3.8086123e+00   0.0000000e+00
   4.2905061e+00   3.8128616e+00   0.0000000e+00
   4.2894685e+00   3.8149854e+00   0.0000000e+00
   4.2886653e+00   3.8171084e+00   0.0000000e+00
   4.2880926e+00   3.8192729e+00   0.0000000e+00
   4.2878351e+00   3.8214863e+00   0.0000000e+00
   4.2877971e+00   3.8238679e+00   0.0000000e+00
   4.2879170e+00   3.8263911e+00   0.0000000e+00
   4.2887420e+00   3.8318082e+00   0.0000000e+00
   4.2901907e+00   3.8376418e+00   0.0000000e+00
   4.2934880e+00   3.8471720e+00   0.0000000e+00
   4.2972278e+00   3.8557826e+00   0.0000000e+00
   4.3216410e+00   3.8950982e+00   0.0000000e+00
   4.3613378e+00   3.9422670e+00   0.0000000e+00
   4.4168586e+00   3.9969529e+00   0.0000000e+00
   4.4887501e+00   4.0594807e+00   0.0000000e+00
   4.5773490e+00   4.1306250e+00   0.0000000e+00
   4.6823133e+00   4.2125919e+00   0.0000000e+00
   4.8007539e+00   4.3074922e+00   0.0000000e+00
   4.9288463e+00   4.4157154e+00   0.0000000e+00
   5.0628024e+00   4.5369939e+00   0.0000000e+00
   5.1977162e+00   4.6699615e+00   0.0000000e+00
   5.3293611e+00   4.8108414e+00   0.0000000e+00
   5.4560101e+00   4.9555218e+00   0.0000000e+00
   5.5765399e+00   5.1012639e+00   0.0000000e+00
   5.6894642e+00   5.2458295e+00   0.0000000e+00
   5.7929419e+00   5.3866514e+00   0.0000000e+00
   5.8857334e+00   5.5206185e+00   0.0000000e+00
   5.9674717e+00   5.6448667e+00   0.0000000e+00
   6.0380652e+00   5.7572797e+00   0.0000000e+00
   6.0974192e+00   5.8560181e+00   0.0000000e+00
   6.1456668e+00   5.9395602e+00   0.0000000e+00
   6.1828198e+00   6.0067999e+00   0.0000000e+00
   6.2087665e+00   6.0565774e+00   0.0000000e+00
   6.2236446e+00   6.0875632e+00   0.0000000e+00
   6.2283628e+00   6.0981333e+00   0.0000000e+00
